C:\Bilder\ShaggyCam4\  (1).jpg 230,410,299,243,1 245,240,279,162,1 255,159,272,133,1 260,132,269,120,1 
C:\Bilder\ShaggyCam4\  (2).jpg 230,410,299,243,1 245,240,279,162,1 255,159,272,133,1 260,132,269,120,1 
C:\Bilder\ShaggyCam4\  (3).jpg 230,410,299,243,1 245,240,279,162,1 255,159,272,133,1 260,132,269,120,1 
C:\Bilder\ShaggyCam4\  (4).jpg 230,410,299,243,1 245,240,279,162,1 255,159,272,133,1 260,132,269,120,1 
C:\Bilder\ShaggyCam4\  (5).jpg 230,410,299,243,1 245,240,279,162,1 255,159,272,133,1 260,132,269,120,1 
C:\Bilder\ShaggyCam4\  (6).jpg 230,410,299,243,1 245,240,279,162,1 255,159,272,133,1 260,132,269,120,1 
C:\Bilder\ShaggyCam4\  (7).jpg 223,413,300,268,1 238,263,280,186,1 249,184,269,119,1 
C:\Bilder\ShaggyCam4\  (8).jpg 223,413,300,268,1 238,263,280,186,1 249,184,269,119,1 
C:\Bilder\ShaggyCam4\  (9).jpg 223,413,300,268,1 238,263,280,186,1 249,184,269,119,1 
C:\Bilder\ShaggyCam4\  (10).jpg 223,413,300,268,1 238,263,280,186,1 249,184,269,119,1 
C:\Bilder\ShaggyCam4\  (11).jpg 223,413,300,268,1 238,263,280,186,1 249,184,269,119,1 
C:\Bilder\ShaggyCam4\  (12).jpg 223,413,300,268,1 238,263,280,186,1 249,184,269,119,1 
C:\Bilder\ShaggyCam4\  (13).jpg 223,413,294,254,1 238,251,275,179,1 247,175,269,120,1 
C:\Bilder\ShaggyCam4\  (14).jpg 223,413,294,254,1 238,251,275,179,1 247,175,269,120,1 
C:\Bilder\ShaggyCam4\  (15).jpg 223,413,294,254,1 238,251,275,179,1 247,175,269,120,1 
C:\Bilder\ShaggyCam4\  (16).jpg 223,413,294,254,1 238,251,275,179,1 247,175,269,120,1 
C:\Bilder\ShaggyCam4\  (17).jpg 223,413,294,254,1 238,251,275,179,1 247,175,269,120,1 
C:\Bilder\ShaggyCam4\  (18).jpg 223,413,294,254,1 238,251,275,179,1 247,175,269,120,1 
C:\Bilder\ShaggyCam4\  (19).jpg 225,412,298,274,1 233,268,280,164,1 249,161,266,119,1 
C:\Bilder\ShaggyCam4\  (20).jpg 225,412,298,274,1 233,268,280,164,1 249,161,266,119,1 
C:\Bilder\ShaggyCam4\  (21).jpg 225,412,298,274,1 233,268,280,164,1 249,161,266,119,1 
C:\Bilder\ShaggyCam4\  (22).jpg 225,412,298,274,1 233,268,280,164,1 249,161,266,119,1 
C:\Bilder\ShaggyCam4\  (23).jpg 225,412,298,274,1 233,268,280,164,1 249,161,266,119,1 
C:\Bilder\ShaggyCam4\  (24).jpg 225,412,298,274,1 233,268,280,164,1 249,161,266,119,1 
C:\Bilder\ShaggyCam4\  (25).jpg 223,410,298,296,1 232,292,283,207,1 245,203,270,155,1 252,152,267,119,1 
C:\Bilder\ShaggyCam4\  (26).jpg 223,410,298,296,1 232,292,283,207,1 245,203,270,155,1 252,152,267,119,1 
C:\Bilder\ShaggyCam4\  (27).jpg 223,410,298,296,1 232,292,283,207,1 245,203,270,155,1 252,152,267,119,1 
C:\Bilder\ShaggyCam4\  (28).jpg 223,410,298,296,1 232,292,283,207,1 245,203,270,155,1 252,152,267,119,1 
C:\Bilder\ShaggyCam4\  (29).jpg 223,410,298,296,1 232,292,283,207,1 245,203,270,155,1 252,152,267,119,1 
C:\Bilder\ShaggyCam4\  (30).jpg 223,410,298,296,1 232,292,283,207,1 245,203,270,155,1 252,152,267,119,1 
C:\Bilder\ShaggyCam4\  (31).jpg 218,414,298,280,1 234,277,283,194,1 245,191,270,146,1 250,144,267,115,1 
C:\Bilder\ShaggyCam4\  (32).jpg 218,414,298,280,1 234,277,283,194,1 245,191,270,146,1 250,144,267,115,1 
C:\Bilder\ShaggyCam4\  (33).jpg 218,414,298,280,1 234,277,283,194,1 245,191,270,146,1 250,144,267,115,1 
C:\Bilder\ShaggyCam4\  (34).jpg 218,414,298,280,1 234,277,283,194,1 245,191,270,146,1 250,144,267,115,1 
C:\Bilder\ShaggyCam4\  (35).jpg 218,414,298,280,1 234,277,283,194,1 245,191,270,146,1 250,144,267,115,1 
C:\Bilder\ShaggyCam4\  (36).jpg 218,414,298,280,1 234,277,283,194,1 245,191,270,146,1 250,144,267,115,1 
C:\Bilder\ShaggyCam4\  (37).jpg 217,414,294,290,1 230,287,279,208,1 239,206,271,154,1 245,153,264,114,1 
C:\Bilder\ShaggyCam4\  (38).jpg 217,414,294,290,1 230,287,279,208,1 239,206,271,154,1 245,153,264,114,1 
C:\Bilder\ShaggyCam4\  (39).jpg 217,414,294,290,1 230,287,279,208,1 239,206,271,154,1 245,153,264,114,1 
C:\Bilder\ShaggyCam4\  (40).jpg 217,414,294,290,1 230,287,279,208,1 239,206,271,154,1 245,153,264,114,1 
C:\Bilder\ShaggyCam4\  (41).jpg 217,414,294,290,1 230,287,279,208,1 239,206,271,154,1 245,153,264,114,1 
C:\Bilder\ShaggyCam4\  (42).jpg 217,414,294,290,1 230,287,279,208,1 239,206,271,154,1 245,153,264,114,1 
C:\Bilder\ShaggyCam4\  (43).jpg 214,413,288,305,1 225,300,274,237,1 233,233,269,181,1 241,176,264,142,1 248,139,263,114,1 
C:\Bilder\ShaggyCam4\  (44).jpg 214,413,288,305,1 225,300,274,237,1 233,233,269,181,1 241,176,264,142,1 248,139,263,114,1 
C:\Bilder\ShaggyCam4\  (45).jpg 214,413,288,305,1 225,300,274,237,1 233,233,269,181,1 241,176,264,142,1 248,139,263,114,1 
C:\Bilder\ShaggyCam4\  (46).jpg 214,413,288,305,1 225,300,274,237,1 233,233,269,181,1 241,176,264,142,1 248,139,263,114,1 
C:\Bilder\ShaggyCam4\  (47).jpg 214,413,288,305,1 225,300,274,237,1 233,233,269,181,1 241,176,264,142,1 248,139,263,114,1 
C:\Bilder\ShaggyCam4\  (48).jpg 214,413,288,305,1 225,300,274,237,1 233,233,269,181,1 241,176,264,142,1 248,139,263,114,1 
C:\Bilder\ShaggyCam4\  (49).jpg 206,413,279,296,1 220,295,270,224,1 232,222,266,174,1 240,172,263,146,1 247,142,262,115,1  
C:\Bilder\ShaggyCam4\  (50).jpg 206,413,279,296,1 220,295,270,224,1 232,222,266,174,1 240,172,263,146,1 247,142,262,115,1  
C:\Bilder\ShaggyCam4\  (51).jpg 206,413,279,296,1 220,295,270,224,1 232,222,266,174,1 240,172,263,146,1 247,142,262,115,1  
C:\Bilder\ShaggyCam4\  (52).jpg 206,413,279,296,1 220,295,270,224,1 232,222,266,174,1 240,172,263,146,1 247,142,262,115,1  
C:\Bilder\ShaggyCam4\  (53).jpg 206,413,279,296,1 220,295,270,224,1 232,222,266,174,1 240,172,263,146,1 247,142,262,115,1  
C:\Bilder\ShaggyCam4\  (54).jpg 206,413,279,296,1 220,295,270,224,1 232,222,266,174,1 240,172,263,146,1 247,142,262,115,1  
C:\Bilder\ShaggyCam4\  (55).jpg 204,412,287,259,1 231,253,274,175,1 246,173,269,139,1 254,137,267,113,1 
C:\Bilder\ShaggyCam4\  (56).jpg 204,412,287,259,1 231,253,274,175,1 246,173,269,139,1 254,137,267,113,1 
C:\Bilder\ShaggyCam4\  (57).jpg 204,412,287,259,1 231,253,274,175,1 246,173,269,139,1 254,137,267,113,1 
C:\Bilder\ShaggyCam4\  (58).jpg 204,412,287,259,1 231,253,274,175,1 246,173,269,139,1 254,137,267,113,1 
C:\Bilder\ShaggyCam4\  (59).jpg 204,412,287,259,1 231,253,274,175,1 246,173,269,139,1 254,137,267,113,1 
C:\Bilder\ShaggyCam4\  (60).jpg 204,412,287,259,1 231,253,274,175,1 246,173,269,139,1 254,137,267,113,1 
C:\Bilder\ShaggyCam4\  (61).jpg 210,413,292,257,1 238,253,278,181,1 249,179,275,136,1 261,134,274,114,1 
C:\Bilder\ShaggyCam4\  (62).jpg 210,413,292,257,1 238,253,278,181,1 249,179,275,136,1 261,134,274,114,1 
C:\Bilder\ShaggyCam4\  (63).jpg 210,413,292,257,1 238,253,278,181,1 249,179,275,136,1 261,134,274,114,1 
C:\Bilder\ShaggyCam4\  (64).jpg 210,413,292,257,1 238,253,278,181,1 249,179,275,136,1 261,134,274,114,1 
C:\Bilder\ShaggyCam4\  (65).jpg 210,413,292,257,1 238,253,278,181,1 249,179,275,136,1 261,134,274,114,1 
C:\Bilder\ShaggyCam4\  (66).jpg 210,413,292,257,1 238,253,278,181,1 249,179,275,136,1 261,134,274,114,1 
C:\Bilder\ShaggyCam4\  (67).jpg 215,412,293,299,1 231,297,279,204,1 248,197,279,143,1 262,142,277,113,1 
C:\Bilder\ShaggyCam4\  (68).jpg 215,412,293,299,1 231,297,279,204,1 248,197,279,143,1 262,142,277,113,1 
C:\Bilder\ShaggyCam4\  (69).jpg 215,412,293,299,1 231,297,279,204,1 248,197,279,143,1 262,142,277,113,1 
C:\Bilder\ShaggyCam4\  (70).jpg 215,412,293,299,1 231,297,279,204,1 248,197,279,143,1 262,142,277,113,1 
C:\Bilder\ShaggyCam4\  (71).jpg 215,412,293,299,1 231,297,279,204,1 248,197,279,143,1 262,142,277,113,1 
C:\Bilder\ShaggyCam4\  (72).jpg 215,412,293,299,1 231,297,279,204,1 248,197,279,143,1 262,142,277,113,1 
C:\Bilder\ShaggyCam4\  (73).jpg 214,414,285,240,1 242,238,280,151,1 260,149,275,116,1 
C:\Bilder\ShaggyCam4\  (74).jpg 214,414,285,240,1 242,238,280,151,1 260,149,275,116,1 
C:\Bilder\ShaggyCam4\  (75).jpg 214,414,285,240,1 242,238,280,151,1 260,149,275,116,1 
C:\Bilder\ShaggyCam4\  (76).jpg 214,414,285,240,1 242,238,280,151,1 260,149,275,116,1 
C:\Bilder\ShaggyCam4\  (77).jpg 214,414,285,240,1 242,238,280,151,1 260,149,275,116,1 
C:\Bilder\ShaggyCam4\  (78).jpg 214,414,285,240,1 242,238,280,151,1 260,149,275,116,1 
C:\Bilder\ShaggyCam4\  (79).jpg 200,412,278,246,1 236,243,275,165,1 253,161,275,115,1 
C:\Bilder\ShaggyCam4\  (80).jpg 200,412,278,246,1 236,243,275,165,1 253,161,275,115,1 
C:\Bilder\ShaggyCam4\  (81).jpg 200,412,278,246,1 236,243,275,165,1 253,161,275,115,1 
C:\Bilder\ShaggyCam4\  (82).jpg 200,412,278,246,1 236,243,275,165,1 253,161,275,115,1 
C:\Bilder\ShaggyCam4\  (83).jpg 200,412,278,246,1 236,243,275,165,1 253,161,275,115,1 
C:\Bilder\ShaggyCam4\  (84).jpg 200,412,278,246,1 236,243,275,165,1 253,161,275,115,1 
C:\Bilder\ShaggyCam4\  (85).jpg 197,414,274,263,1 236,258,279,185,1 255,180,280,116,1 
C:\Bilder\ShaggyCam4\  (86).jpg 197,414,274,263,1 236,258,279,185,1 255,180,280,116,1 
C:\Bilder\ShaggyCam4\  (87).jpg 197,414,274,263,1 236,258,279,185,1 255,180,280,116,1 
C:\Bilder\ShaggyCam4\  (88).jpg 197,414,274,263,1 236,258,279,185,1 255,180,280,116,1 
C:\Bilder\ShaggyCam4\  (89).jpg 197,414,274,263,1 236,258,279,185,1 255,180,280,116,1 
C:\Bilder\ShaggyCam4\  (90).jpg 197,414,274,263,1 236,258,279,185,1 255,180,280,116,1 
C:\Bilder\ShaggyCam4\  (91).jpg 215,414,287,259,1 246,254,286,178,1 267,173,291,118,1 
C:\Bilder\ShaggyCam4\  (92).jpg 215,414,287,259,1 246,254,286,178,1 267,173,291,118,1 
C:\Bilder\ShaggyCam4\  (93).jpg 215,414,287,259,1 246,254,286,178,1 267,173,291,118,1 
C:\Bilder\ShaggyCam4\  (94).jpg 215,414,287,259,1 246,254,286,178,1 267,173,291,118,1 
C:\Bilder\ShaggyCam4\  (95).jpg 215,414,287,259,1 246,254,286,178,1 267,173,291,118,1 
C:\Bilder\ShaggyCam4\  (96).jpg 215,414,287,259,1 246,254,286,178,1 267,173,291,118,1 
C:\Bilder\ShaggyCam4\  (97).jpg 225,410,289,264,1 247,259,290,180,1 263,171,290,117,1 
C:\Bilder\ShaggyCam4\  (98).jpg 225,410,289,264,1 247,259,290,180,1 263,171,290,117,1 
C:\Bilder\ShaggyCam4\  (99).jpg 225,410,289,264,1 247,259,290,180,1 263,171,290,117,1 
C:\Bilder\ShaggyCam4\  (100).jpg 225,410,289,264,1 247,259,290,180,1 263,171,290,117,1 
C:\Bilder\ShaggyCam4\  (101).jpg 225,410,289,264,1 247,259,290,180,1 263,171,290,117,1 
C:\Bilder\ShaggyCam4\  (102).jpg 225,410,289,264,1 247,259,290,180,1 263,171,290,117,1 
C:\Bilder\ShaggyCam4\  (103).jpg 231,411,298,256,1 255,251,289,175,1 265,171,287,115,1 
C:\Bilder\ShaggyCam4\  (104).jpg 231,411,298,256,1 255,251,289,175,1 265,171,287,115,1 
C:\Bilder\ShaggyCam4\  (105).jpg 231,411,298,256,1 255,251,289,175,1 265,171,287,115,1 
C:\Bilder\ShaggyCam4\  (106).jpg 231,411,298,256,1 255,251,289,175,1 265,171,287,115,1 
C:\Bilder\ShaggyCam4\  (107).jpg 231,411,298,256,1 255,251,289,175,1 265,171,287,115,1 
C:\Bilder\ShaggyCam4\  (108).jpg 231,411,298,256,1 255,251,289,175,1 265,171,287,115,1 
C:\Bilder\ShaggyCam4\  (109).jpg 235,414,297,243,1 255,238,288,164,1 267,162,285,114,1 
C:\Bilder\ShaggyCam4\  (110).jpg 235,414,297,243,1 255,238,288,164,1 267,162,285,114,1 
C:\Bilder\ShaggyCam4\  (111).jpg 235,414,297,243,1 255,238,288,164,1 267,162,285,114,1 
C:\Bilder\ShaggyCam4\  (112).jpg 235,414,297,243,1 255,238,288,164,1 267,162,285,114,1 
C:\Bilder\ShaggyCam4\  (113).jpg 235,414,297,243,1 255,238,288,164,1 267,162,285,114,1 
C:\Bilder\ShaggyCam4\  (114).jpg 235,414,297,243,1 255,238,288,164,1 267,162,285,114,1 
C:\Bilder\ShaggyCam4\  (115).jpg 230,413,295,282,1 244,279,285,179,1 258,177,278,113,1 
C:\Bilder\ShaggyCam4\  (116).jpg 230,413,295,282,1 244,279,285,179,1 258,177,278,113,1 
C:\Bilder\ShaggyCam4\  (117).jpg 230,413,295,282,1 244,279,285,179,1 258,177,278,113,1 
C:\Bilder\ShaggyCam4\  (118).jpg 230,413,295,282,1 244,279,285,179,1 258,177,278,113,1 
C:\Bilder\ShaggyCam4\  (119).jpg 230,413,295,282,1 244,279,285,179,1 258,177,278,113,1 
C:\Bilder\ShaggyCam4\  (120).jpg 230,413,295,282,1 244,279,285,179,1 258,177,278,113,1 
C:\Bilder\ShaggyCam4\  (121).jpg 226,413,290,256,1 244,252,279,169,1 254,167,273,110,1 
C:\Bilder\ShaggyCam4\  (122).jpg 226,413,290,256,1 244,252,279,169,1 254,167,273,110,1 
C:\Bilder\ShaggyCam4\  (123).jpg 226,413,290,256,1 244,252,279,169,1 254,167,273,110,1 
C:\Bilder\ShaggyCam4\  (124).jpg 226,413,290,256,1 244,252,279,169,1 254,167,273,110,1 
C:\Bilder\ShaggyCam4\  (125).jpg 226,413,290,256,1 244,252,279,169,1 254,167,273,110,1 
C:\Bilder\ShaggyCam4\  (126).jpg 226,413,290,256,1 244,252,279,169,1 254,167,273,110,1 
C:\Bilder\ShaggyCam4\  (127).jpg 229,413,294,273,1 241,269,282,175,1 250,171,270,109,1 
C:\Bilder\ShaggyCam4\  (128).jpg 229,413,294,273,1 241,269,282,175,1 250,171,270,109,1 
C:\Bilder\ShaggyCam4\  (129).jpg 229,413,294,273,1 241,269,282,175,1 250,171,270,109,1 
C:\Bilder\ShaggyCam4\  (130).jpg 229,413,294,273,1 241,269,282,175,1 250,171,270,109,1 
C:\Bilder\ShaggyCam4\  (131).jpg 229,413,294,273,1 241,269,282,175,1 250,171,270,109,1 
C:\Bilder\ShaggyCam4\  (132).jpg 229,413,294,273,1 241,269,282,175,1 250,171,270,109,1 
C:\Bilder\ShaggyCam4\  (133).jpg 224,411,291,296,1 237,292,278,180,1 249,177,270,107,1 
C:\Bilder\ShaggyCam4\  (134).jpg 224,411,291,296,1 237,292,278,180,1 249,177,270,107,1 
C:\Bilder\ShaggyCam4\  (135).jpg 224,411,291,296,1 237,292,278,180,1 249,177,270,107,1 
C:\Bilder\ShaggyCam4\  (136).jpg 224,411,291,296,1 237,292,278,180,1 249,177,270,107,1 
C:\Bilder\ShaggyCam4\  (137).jpg 224,411,291,296,1 237,292,278,180,1 249,177,270,107,1 
C:\Bilder\ShaggyCam4\  (138).jpg 224,411,291,296,1 237,292,278,180,1 249,177,270,107,1 
C:\Bilder\ShaggyCam4\  (139).jpg 219,413,290,262,1 233,259,275,174,1 246,172,267,102,1 
C:\Bilder\ShaggyCam4\  (140).jpg 219,413,290,262,1 233,259,275,174,1 246,172,267,102,1 
C:\Bilder\ShaggyCam4\  (141).jpg 219,413,290,262,1 233,259,275,174,1 246,172,267,102,1 
C:\Bilder\ShaggyCam4\  (142).jpg 219,413,290,262,1 233,259,275,174,1 246,172,267,102,1 
C:\Bilder\ShaggyCam4\  (143).jpg 219,413,290,262,1 233,259,275,174,1 246,172,267,102,1 
C:\Bilder\ShaggyCam4\  (144).jpg 219,413,290,262,1 233,259,275,174,1 246,172,267,102,1 
C:\Bilder\ShaggyCam4\  (145).jpg 218,414,290,276,1 232,271,274,171,1 245,168,265,104,1 
C:\Bilder\ShaggyCam4\  (146).jpg 218,414,290,276,1 232,271,274,171,1 245,168,265,104,1 
C:\Bilder\ShaggyCam4\  (147).jpg 218,414,290,276,1 232,271,274,171,1 245,168,265,104,1 
C:\Bilder\ShaggyCam4\  (148).jpg 218,414,290,276,1 232,271,274,171,1 245,168,265,104,1 
C:\Bilder\ShaggyCam4\  (149).jpg 218,414,290,276,1 232,271,274,171,1 245,168,265,104,1 
C:\Bilder\ShaggyCam4\  (150).jpg 218,414,290,276,1 232,271,274,171,1 245,168,265,104,1 
C:\Bilder\ShaggyCam4\  (151).jpg 224,415,293,287,1 236,284,275,175,1 245,171,266,99,1 
C:\Bilder\ShaggyCam4\  (152).jpg 224,415,293,287,1 236,284,275,175,1 245,171,266,99,1 
C:\Bilder\ShaggyCam4\  (153).jpg 224,415,293,287,1 236,284,275,175,1 245,171,266,99,1 
C:\Bilder\ShaggyCam4\  (154).jpg 224,415,293,287,1 236,284,275,175,1 245,171,266,99,1 
C:\Bilder\ShaggyCam4\  (155).jpg 224,415,293,287,1 236,284,275,175,1 245,171,266,99,1 
C:\Bilder\ShaggyCam4\  (156).jpg 224,415,293,287,1 236,284,275,175,1 245,171,266,99,1 
C:\Bilder\ShaggyCam4\  (157).jpg 229,411,302,262,1 239,258,277,168,1 245,164,265,97,1 
C:\Bilder\ShaggyCam4\  (158).jpg 229,411,302,262,1 239,258,277,168,1 245,164,265,97,1 
C:\Bilder\ShaggyCam4\  (159).jpg 229,411,302,262,1 239,258,277,168,1 245,164,265,97,1 
C:\Bilder\ShaggyCam4\  (160).jpg 229,411,302,262,1 239,258,277,168,1 245,164,265,97,1 
C:\Bilder\ShaggyCam4\  (161).jpg 229,411,302,262,1 239,258,277,168,1 245,164,265,97,1 
C:\Bilder\ShaggyCam4\  (162).jpg 229,411,302,262,1 239,258,277,168,1 245,164,265,97,1 
C:\Bilder\ShaggyCam4\  (163).jpg 235,414,308,252,1 241,249,282,153,1 247,149,261,96,1 
C:\Bilder\ShaggyCam4\  (164).jpg 235,414,308,252,1 241,249,282,153,1 247,149,261,96,1 
C:\Bilder\ShaggyCam4\  (165).jpg 235,414,308,252,1 241,249,282,153,1 247,149,261,96,1 
C:\Bilder\ShaggyCam4\  (166).jpg 235,414,308,252,1 241,249,282,153,1 247,149,261,96,1 
C:\Bilder\ShaggyCam4\  (167).jpg 235,414,308,252,1 241,249,282,153,1 247,149,261,96,1 
C:\Bilder\ShaggyCam4\  (168).jpg 235,414,308,252,1 241,249,282,153,1 247,149,261,96,1 
C:\Bilder\ShaggyCam4\  (169).jpg 238,413,305,248,1 243,245,280,153,1 245,150,262,95,1 
C:\Bilder\ShaggyCam4\  (170).jpg 238,413,305,248,1 243,245,280,153,1 245,150,262,95,1 
C:\Bilder\ShaggyCam4\  (171).jpg 238,413,305,248,1 243,245,280,153,1 245,150,262,95,1 
C:\Bilder\ShaggyCam4\  (172).jpg 238,413,305,248,1 243,245,280,153,1 245,150,262,95,1 
C:\Bilder\ShaggyCam4\  (173).jpg 238,413,305,248,1 243,245,280,153,1 245,150,262,95,1 
C:\Bilder\ShaggyCam4\  (174).jpg 238,413,305,248,1 243,245,280,153,1 245,150,262,95,1 
C:\Bilder\ShaggyCam4\  (175).jpg 235,413,300,242,1 239,239,275,151,1 243,146,258,91,1 
C:\Bilder\ShaggyCam4\  (176).jpg 235,413,300,242,1 239,239,275,151,1 243,146,258,91,1 
C:\Bilder\ShaggyCam4\  (177).jpg 235,413,300,242,1 239,239,275,151,1 243,146,258,91,1 
C:\Bilder\ShaggyCam4\  (178).jpg 235,413,300,242,1 239,239,275,151,1 243,146,258,91,1 
C:\Bilder\ShaggyCam4\  (179).jpg 235,413,300,242,1 239,239,275,151,1 243,146,258,91,1 
C:\Bilder\ShaggyCam4\  (180).jpg 235,413,300,242,1 239,239,275,151,1 243,146,258,91,1 
C:\Bilder\ShaggyCam4\  (181).jpg 228,415,301,215,1 237,209,270,129,1 240,128,256,89,1 
C:\Bilder\ShaggyCam4\  (182).jpg 228,415,301,215,1 237,209,270,129,1 240,128,256,89,1 
C:\Bilder\ShaggyCam4\  (183).jpg 228,415,301,215,1 237,209,270,129,1 240,128,256,89,1 
C:\Bilder\ShaggyCam4\  (184).jpg 228,415,301,215,1 237,209,270,129,1 240,128,256,89,1 
C:\Bilder\ShaggyCam4\  (185).jpg 228,415,301,215,1 237,209,270,129,1 240,128,256,89,1 
C:\Bilder\ShaggyCam4\  (186).jpg 228,415,301,215,1 237,209,270,129,1 240,128,256,89,1 
C:\Bilder\ShaggyCam4\  (187).jpg 229,409,299,237,1 236,232,271,150,1 238,146,256,87,1 
C:\Bilder\ShaggyCam4\  (188).jpg 229,409,299,237,1 236,232,271,150,1 238,146,256,87,1 
C:\Bilder\ShaggyCam4\  (189).jpg 229,409,299,237,1 236,232,271,150,1 238,146,256,87,1 
C:\Bilder\ShaggyCam4\  (190).jpg 229,409,299,237,1 236,232,271,150,1 238,146,256,87,1 
C:\Bilder\ShaggyCam4\  (191).jpg 229,409,299,237,1 236,232,271,150,1 238,146,256,87,1 
C:\Bilder\ShaggyCam4\  (192).jpg 229,409,299,237,1 236,232,271,150,1 238,146,256,87,1 
C:\Bilder\ShaggyCam4\  (193).jpg 224,413,298,226,1 234,221,267,135,1 239,130,253,83,1 
C:\Bilder\ShaggyCam4\  (194).jpg 224,413,298,226,1 234,221,267,135,1 239,130,253,83,1 
C:\Bilder\ShaggyCam4\  (195).jpg 224,413,298,226,1 234,221,267,135,1 239,130,253,83,1 
C:\Bilder\ShaggyCam4\  (196).jpg 224,413,298,226,1 234,221,267,135,1 239,130,253,83,1 
C:\Bilder\ShaggyCam4\  (197).jpg 224,413,298,226,1 234,221,267,135,1 239,130,253,83,1 
C:\Bilder\ShaggyCam4\  (198).jpg 224,413,298,226,1 234,221,267,135,1 239,130,253,83,1 
C:\Bilder\ShaggyCam4\  (199).jpg 226,412,300,234,1 233,230,270,146,1 238,142,254,85,1 
C:\Bilder\ShaggyCam4\  (200).jpg 226,412,300,234,1 233,230,270,146,1 238,142,254,85,1 
C:\Bilder\ShaggyCam4\  (201).jpg 226,412,300,234,1 233,230,270,146,1 238,142,254,85,1 
C:\Bilder\ShaggyCam4\  (202).jpg 226,412,300,234,1 233,230,270,146,1 238,142,254,85,1 
C:\Bilder\ShaggyCam4\  (203).jpg 226,412,300,234,1 233,230,270,146,1 238,142,254,85,1 
C:\Bilder\ShaggyCam4\  (204).jpg 226,412,300,234,1 233,230,270,146,1 238,142,254,85,1 
C:\Bilder\ShaggyCam4\  (205).jpg 233,414,306,237,1 236,234,276,149,1 239,147,256,84,1 
C:\Bilder\ShaggyCam4\  (206).jpg 233,414,306,237,1 236,234,276,149,1 239,147,256,84,1 
C:\Bilder\ShaggyCam4\  (207).jpg 233,414,306,237,1 236,234,276,149,1 239,147,256,84,1 
C:\Bilder\ShaggyCam4\  (208).jpg 233,414,306,237,1 236,234,276,149,1 239,147,256,84,1 
C:\Bilder\ShaggyCam4\  (209).jpg 233,414,306,237,1 236,234,276,149,1 239,147,256,84,1 
C:\Bilder\ShaggyCam4\  (210).jpg 233,414,306,237,1 236,234,276,149,1 239,147,256,84,1 
C:\Bilder\ShaggyCam4\  (211).jpg 238,412,316,296,1 237,287,289,177,1 238,170,269,78,1 
C:\Bilder\ShaggyCam4\  (212).jpg 238,412,316,296,1 237,287,289,177,1 238,170,269,78,1 
C:\Bilder\ShaggyCam4\  (213).jpg 238,412,316,296,1 237,287,289,177,1 238,170,269,78,1 
C:\Bilder\ShaggyCam4\  (214).jpg 238,412,316,296,1 237,287,289,177,1 238,170,269,78,1 
C:\Bilder\ShaggyCam4\  (215).jpg 238,412,316,296,1 237,287,289,177,1 238,170,269,78,1 
C:\Bilder\ShaggyCam4\  (216).jpg 238,412,316,296,1 237,287,289,177,1 238,170,269,78,1 
C:\Bilder\ShaggyCam4\  (217).jpg 241,415,310,237,1 237,233,278,142,1 239,137,261,77,1 
C:\Bilder\ShaggyCam4\  (218).jpg 241,415,310,237,1 237,233,278,142,1 239,137,261,77,1 
C:\Bilder\ShaggyCam4\  (219).jpg 241,415,310,237,1 237,233,278,142,1 239,137,261,77,1 
C:\Bilder\ShaggyCam4\  (220).jpg 241,415,310,237,1 237,233,278,142,1 239,137,261,77,1 
C:\Bilder\ShaggyCam4\  (221).jpg 241,415,310,237,1 237,233,278,142,1 239,137,261,77,1 
C:\Bilder\ShaggyCam4\  (222).jpg 241,415,310,237,1 237,233,278,142,1 239,137,261,77,1 
C:\Bilder\ShaggyCam4\  (223).jpg 235,412,315,240,1 236,235,284,146,1 237,141,263,73,1 
C:\Bilder\ShaggyCam4\  (224).jpg 235,412,315,240,1 236,235,284,146,1 237,141,263,73,1 
C:\Bilder\ShaggyCam4\  (225).jpg 235,412,315,240,1 236,235,284,146,1 237,141,263,73,1 
C:\Bilder\ShaggyCam4\  (226).jpg 235,412,315,240,1 236,235,284,146,1 237,141,263,73,1 
C:\Bilder\ShaggyCam4\  (227).jpg 235,412,315,240,1 236,235,284,146,1 237,141,263,73,1 
C:\Bilder\ShaggyCam4\  (228).jpg 235,412,315,240,1 236,235,284,146,1 237,141,263,73,1 
C:\Bilder\ShaggyCam4\  (229).jpg 234,411,314,188,1 238,180,267,71,1 
C:\Bilder\ShaggyCam4\  (230).jpg 234,411,314,188,1 238,180,267,71,1 
C:\Bilder\ShaggyCam4\  (231).jpg 234,411,314,188,1 238,180,267,71,1 
C:\Bilder\ShaggyCam4\  (232).jpg 234,411,314,188,1 238,180,267,71,1 
C:\Bilder\ShaggyCam4\  (233).jpg 234,411,314,188,1 238,180,267,71,1 
C:\Bilder\ShaggyCam4\  (234).jpg 234,411,314,188,1 238,180,267,71,1 
C:\Bilder\ShaggyCam4\  (235).jpg 231,414,317,274,1 234,269,287,178,1 236,176,267,110,1 240,108,254,60,1 
C:\Bilder\ShaggyCam4\  (236).jpg 231,414,317,274,1 234,269,287,178,1 236,176,267,110,1 240,108,254,60,1 
C:\Bilder\ShaggyCam4\  (237).jpg 231,414,317,274,1 234,269,287,178,1 236,176,267,110,1 240,108,254,60,1 
C:\Bilder\ShaggyCam4\  (238).jpg 231,414,317,274,1 234,269,287,178,1 236,176,267,110,1 240,108,254,60,1 
C:\Bilder\ShaggyCam4\  (239).jpg 231,414,317,274,1 234,269,287,178,1 236,176,267,110,1 240,108,254,60,1 
C:\Bilder\ShaggyCam4\  (240).jpg 231,414,317,274,1 234,269,287,178,1 236,176,267,110,1 240,108,254,60,1 
C:\Bilder\ShaggyCam4\  (241).jpg 233,414,315,268,1 237,264,282,179,1 234,175,269,110,1 237,107,255,58,1 
C:\Bilder\ShaggyCam4\  (242).jpg 233,414,315,268,1 237,264,282,179,1 234,175,269,110,1 237,107,255,58,1 
C:\Bilder\ShaggyCam4\  (243).jpg 233,414,315,268,1 237,264,282,179,1 234,175,269,110,1 237,107,255,58,1 
C:\Bilder\ShaggyCam4\  (244).jpg 233,414,315,268,1 237,264,282,179,1 234,175,269,110,1 237,107,255,58,1 
C:\Bilder\ShaggyCam4\  (245).jpg 233,414,315,268,1 237,264,282,179,1 234,175,269,110,1 237,107,255,58,1 
C:\Bilder\ShaggyCam4\  (246).jpg 233,414,315,268,1 237,264,282,179,1 234,175,269,110,1 237,107,255,58,1 
C:\Bilder\ShaggyCam4\  (247).jpg 233,412,323,279,1 235,274,291,191,1 234,188,273,127,1 234,121,257,57,1 
C:\Bilder\ShaggyCam4\  (248).jpg 233,412,323,279,1 235,274,291,191,1 234,188,273,127,1 234,121,257,57,1 
C:\Bilder\ShaggyCam4\  (249).jpg 233,412,323,279,1 235,274,291,191,1 234,188,273,127,1 234,121,257,57,1 
C:\Bilder\ShaggyCam4\  (250).jpg 233,412,323,279,1 235,274,291,191,1 234,188,273,127,1 234,121,257,57,1 
C:\Bilder\ShaggyCam4\  (251).jpg 233,412,323,279,1 235,274,291,191,1 234,188,273,127,1 234,121,257,57,1 
C:\Bilder\ShaggyCam4\  (252).jpg 233,412,323,279,1 235,274,291,191,1 234,188,273,127,1 234,121,257,57,1 
C:\Bilder\ShaggyCam4\  (253).jpg 232,413,321,273,1 235,268,289,183,1 231,178,267,118,1 235,115,254,57,1 
C:\Bilder\ShaggyCam4\  (254).jpg 232,413,321,273,1 235,268,289,183,1 231,178,267,118,1 235,115,254,57,1 
C:\Bilder\ShaggyCam4\  (255).jpg 232,413,321,273,1 235,268,289,183,1 231,178,267,118,1 235,115,254,57,1 
C:\Bilder\ShaggyCam4\  (256).jpg 232,413,321,273,1 235,268,289,183,1 231,178,267,118,1 235,115,254,57,1 
C:\Bilder\ShaggyCam4\  (257).jpg 232,413,321,273,1 235,268,289,183,1 231,178,267,118,1 235,115,254,57,1 
C:\Bilder\ShaggyCam4\  (258).jpg 232,413,321,273,1 235,268,289,183,1 231,178,267,118,1 235,115,254,57,1 
C:\Bilder\ShaggyCam4\  (259).jpg 234,411,324,281,1 230,277,291,182,1 232,178,266,110,1 234,107,249,56,1 
C:\Bilder\ShaggyCam4\  (260).jpg 234,411,324,281,1 230,277,291,182,1 232,178,266,110,1 234,107,249,56,1 
C:\Bilder\ShaggyCam4\  (261).jpg 234,411,324,281,1 230,277,291,182,1 232,178,266,110,1 234,107,249,56,1 
C:\Bilder\ShaggyCam4\  (262).jpg 234,411,324,281,1 230,277,291,182,1 232,178,266,110,1 234,107,249,56,1 
C:\Bilder\ShaggyCam4\  (263).jpg 234,411,324,281,1 230,277,291,182,1 232,178,266,110,1 234,107,249,56,1 
C:\Bilder\ShaggyCam4\  (264).jpg 234,411,324,281,1 230,277,291,182,1 232,178,266,110,1 234,107,249,56,1 
C:\Bilder\ShaggyCam4\  (265).jpg 230,413,312,242,1 229,239,279,151,1 230,148,257,89,1 232,87,244,56,1 
C:\Bilder\ShaggyCam4\  (266).jpg 230,413,312,242,1 229,239,279,151,1 230,148,257,89,1 232,87,244,56,1 
C:\Bilder\ShaggyCam4\  (267).jpg 230,413,312,242,1 229,239,279,151,1 230,148,257,89,1 232,87,244,56,1 
C:\Bilder\ShaggyCam4\  (268).jpg 230,413,312,242,1 229,239,279,151,1 230,148,257,89,1 232,87,244,56,1 
C:\Bilder\ShaggyCam4\  (269).jpg 230,413,312,242,1 229,239,279,151,1 230,148,257,89,1 232,87,244,56,1 
C:\Bilder\ShaggyCam4\  (270).jpg 230,413,312,242,1 229,239,279,151,1 230,148,257,89,1 232,87,244,56,1 
C:\Bilder\ShaggyCam4\  (271).jpg 228,411,305,273,1 228,271,283,189,1 226,185,264,119,1 227,114,249,60,1 
C:\Bilder\ShaggyCam4\  (272).jpg 228,411,305,273,1 228,271,283,189,1 226,185,264,119,1 227,114,249,60,1 
C:\Bilder\ShaggyCam4\  (273).jpg 228,411,305,273,1 228,271,283,189,1 226,185,264,119,1 227,114,249,60,1 
C:\Bilder\ShaggyCam4\  (274).jpg 228,411,305,273,1 228,271,283,189,1 226,185,264,119,1 227,114,249,60,1 
C:\Bilder\ShaggyCam4\  (275).jpg 228,411,305,273,1 228,271,283,189,1 226,185,264,119,1 227,114,249,60,1 
C:\Bilder\ShaggyCam4\  (276).jpg 228,411,305,273,1 228,271,283,189,1 226,185,264,119,1 227,114,249,60,1 
C:\Bilder\ShaggyCam4\  (277).jpg 224,413,304,276,1 226,269,277,185,1 228,175,260,116,1 224,113,248,60,1 
C:\Bilder\ShaggyCam4\  (278).jpg 224,413,304,276,1 226,269,277,185,1 228,175,260,116,1 224,113,248,60,1 
C:\Bilder\ShaggyCam4\  (279).jpg 224,413,304,276,1 226,269,277,185,1 228,175,260,116,1 224,113,248,60,1 
C:\Bilder\ShaggyCam4\  (280).jpg 224,413,304,276,1 226,269,277,185,1 228,175,260,116,1 224,113,248,60,1 
C:\Bilder\ShaggyCam4\  (281).jpg 224,413,304,276,1 226,269,277,185,1 228,175,260,116,1 224,113,248,60,1 
C:\Bilder\ShaggyCam4\  (282).jpg 224,413,304,276,1 226,269,277,185,1 228,175,260,116,1 224,113,248,60,1 
C:\Bilder\ShaggyCam4\  (283).jpg 223,413,300,286,1 223,278,277,187,1 224,181,259,108,1 226,103,241,56,1 
C:\Bilder\ShaggyCam4\  (284).jpg 223,413,300,286,1 223,278,277,187,1 224,181,259,108,1 226,103,241,56,1 
C:\Bilder\ShaggyCam4\  (285).jpg 223,413,300,286,1 223,278,277,187,1 224,181,259,108,1 226,103,241,56,1 
C:\Bilder\ShaggyCam4\  (286).jpg 223,413,300,286,1 223,278,277,187,1 224,181,259,108,1 226,103,241,56,1 
C:\Bilder\ShaggyCam4\  (287).jpg 223,413,300,286,1 223,278,277,187,1 224,181,259,108,1 226,103,241,56,1 
C:\Bilder\ShaggyCam4\  (288).jpg 223,413,300,286,1 223,278,277,187,1 224,181,259,108,1 226,103,241,56,1 
C:\Bilder\ShaggyCam4\  (289).jpg 220,413,306,279,1 221,275,274,182,1 224,175,253,108,1 224,105,240,62,1 
C:\Bilder\ShaggyCam4\  (290).jpg 220,413,306,279,1 221,275,274,182,1 224,175,253,108,1 224,105,240,62,1 
C:\Bilder\ShaggyCam4\  (291).jpg 220,413,306,279,1 221,275,274,182,1 224,175,253,108,1 224,105,240,62,1 
C:\Bilder\ShaggyCam4\  (292).jpg 220,413,306,279,1 221,275,274,182,1 224,175,253,108,1 224,105,240,62,1 
C:\Bilder\ShaggyCam4\  (293).jpg 220,413,306,279,1 221,275,274,182,1 224,175,253,108,1 224,105,240,62,1 
C:\Bilder\ShaggyCam4\  (294).jpg 220,413,306,279,1 221,275,274,182,1 224,175,253,108,1 224,105,240,62,1 
C:\Bilder\ShaggyCam4\  (295).jpg 229,414,307,277,1 223,277,281,187,1 223,185,258,107,1 223,101,238,59,1 
C:\Bilder\ShaggyCam4\  (296).jpg 229,414,307,277,1 223,277,281,187,1 223,185,258,107,1 223,101,238,59,1 
C:\Bilder\ShaggyCam4\  (297).jpg 229,414,307,277,1 223,277,281,187,1 223,185,258,107,1 223,101,238,59,1 
C:\Bilder\ShaggyCam4\  (298).jpg 229,414,307,277,1 223,277,281,187,1 223,185,258,107,1 223,101,238,59,1 
C:\Bilder\ShaggyCam4\  (299).jpg 229,414,307,277,1 223,277,281,187,1 223,185,258,107,1 223,101,238,59,1 
C:\Bilder\ShaggyCam4\  (300).jpg 229,414,307,277,1 223,277,281,187,1 223,185,258,107,1 223,101,238,59,1 
C:\Bilder\ShaggyCam4\  (301).jpg 229,413,306,278,1 224,275,278,171,1 223,167,250,99,1 222,97,235,62,1 
C:\Bilder\ShaggyCam4\  (302).jpg 229,413,306,278,1 224,275,278,171,1 223,167,250,99,1 222,97,235,62,1 
C:\Bilder\ShaggyCam4\  (303).jpg 229,413,306,278,1 224,275,278,171,1 223,167,250,99,1 222,97,235,62,1 
C:\Bilder\ShaggyCam4\  (304).jpg 229,413,306,278,1 224,275,278,171,1 223,167,250,99,1 222,97,235,62,1 
C:\Bilder\ShaggyCam4\  (305).jpg 229,413,306,278,1 224,275,278,171,1 223,167,250,99,1 222,97,235,62,1 
C:\Bilder\ShaggyCam4\  (306).jpg 229,413,306,278,1 224,275,278,171,1 223,167,250,99,1 222,97,235,62,1 
C:\Bilder\ShaggyCam4\  (307).jpg 226,413,307,280,1 224,276,277,180,1 221,176,251,109,1 221,107,233,58,1 
C:\Bilder\ShaggyCam4\  (308).jpg 226,413,307,280,1 224,276,277,180,1 221,176,251,109,1 221,107,233,58,1 
C:\Bilder\ShaggyCam4\  (309).jpg 226,413,307,280,1 224,276,277,180,1 221,176,251,109,1 221,107,233,58,1 
C:\Bilder\ShaggyCam4\  (310).jpg 226,413,307,280,1 224,276,277,180,1 221,176,251,109,1 221,107,233,58,1 
C:\Bilder\ShaggyCam4\  (311).jpg 226,413,307,280,1 224,276,277,180,1 221,176,251,109,1 221,107,233,58,1 
C:\Bilder\ShaggyCam4\  (312).jpg 226,413,307,280,1 224,276,277,180,1 221,176,251,109,1 221,107,233,58,1 
C:\Bilder\ShaggyCam4\  (313).jpg 225,412,304,278,1 223,274,274,186,1 218,184,251,115,1 216,113,234,60,1 
C:\Bilder\ShaggyCam4\  (314).jpg 225,412,304,278,1 223,274,274,186,1 218,184,251,115,1 216,113,234,60,1 
C:\Bilder\ShaggyCam4\  (315).jpg 225,412,304,278,1 223,274,274,186,1 218,184,251,115,1 216,113,234,60,1 
C:\Bilder\ShaggyCam4\  (316).jpg 225,412,304,278,1 223,274,274,186,1 218,184,251,115,1 216,113,234,60,1 
C:\Bilder\ShaggyCam4\  (317).jpg 225,412,304,278,1 223,274,274,186,1 218,184,251,115,1 216,113,234,60,1 
C:\Bilder\ShaggyCam4\  (318).jpg 225,412,304,278,1 223,274,274,186,1 218,184,251,115,1 216,113,234,60,1 
C:\Bilder\ShaggyCam4\  (319).jpg 219,414,306,263,1 218,257,267,177,1 217,176,247,111,1 212,110,228,63,1 
C:\Bilder\ShaggyCam4\  (320).jpg 219,414,306,263,1 218,257,267,177,1 217,176,247,111,1 212,110,228,63,1 
C:\Bilder\ShaggyCam4\  (321).jpg 219,414,306,263,1 218,257,267,177,1 217,176,247,111,1 212,110,228,63,1 
C:\Bilder\ShaggyCam4\  (322).jpg 219,414,306,263,1 218,257,267,177,1 217,176,247,111,1 212,110,228,63,1 
C:\Bilder\ShaggyCam4\  (323).jpg 219,414,306,263,1 218,257,267,177,1 217,176,247,111,1 212,110,228,63,1 
C:\Bilder\ShaggyCam4\  (324).jpg 219,414,306,263,1 218,257,267,177,1 217,176,247,111,1 212,110,228,63,1 
C:\Bilder\ShaggyCam4\  (325).jpg 222,412,300,288,1 217,286,270,191,1 210,191,246,111,1 208,108,224,64,1 
C:\Bilder\ShaggyCam4\  (326).jpg 222,412,300,288,1 217,286,270,191,1 210,191,246,111,1 208,108,224,64,1 
C:\Bilder\ShaggyCam4\  (327).jpg 222,412,300,288,1 217,286,270,191,1 210,191,246,111,1 208,108,224,64,1 
C:\Bilder\ShaggyCam4\  (328).jpg 222,412,300,288,1 217,286,270,191,1 210,191,246,111,1 208,108,224,64,1 
C:\Bilder\ShaggyCam4\  (329).jpg 222,412,300,288,1 217,286,270,191,1 210,191,246,111,1 208,108,224,64,1 
C:\Bilder\ShaggyCam4\  (330).jpg 222,412,300,288,1 217,286,270,191,1 210,191,246,111,1 208,108,224,64,1 
C:\Bilder\ShaggyCam4\  (331).jpg 220,412,295,277,1 213,277,262,183,1 207,182,241,115,1 208,113,224,64,1 
C:\Bilder\ShaggyCam4\  (332).jpg 220,412,295,277,1 213,277,262,183,1 207,182,241,115,1 208,113,224,64,1 
C:\Bilder\ShaggyCam4\  (333).jpg 220,412,295,277,1 213,277,262,183,1 207,182,241,115,1 208,113,224,64,1 
C:\Bilder\ShaggyCam4\  (334).jpg 220,412,295,277,1 213,277,262,183,1 207,182,241,115,1 208,113,224,64,1 
C:\Bilder\ShaggyCam4\  (335).jpg 220,412,295,277,1 213,277,262,183,1 207,182,241,115,1 208,113,224,64,1 
C:\Bilder\ShaggyCam4\  (336).jpg 220,412,295,277,1 213,277,262,183,1 207,182,241,115,1 208,113,224,64,1 
C:\Bilder\ShaggyCam4\  (337).jpg 212,412,287,277,1 215,272,260,183,1 210,182,237,116,1 206,115,220,66,1 
C:\Bilder\ShaggyCam4\  (338).jpg 212,412,287,277,1 215,272,260,183,1 210,182,237,116,1 206,115,220,66,1 
C:\Bilder\ShaggyCam4\  (339).jpg 212,412,287,277,1 215,272,260,183,1 210,182,237,116,1 206,115,220,66,1 
C:\Bilder\ShaggyCam4\  (340).jpg 212,412,287,277,1 215,272,260,183,1 210,182,237,116,1 206,115,220,66,1 
C:\Bilder\ShaggyCam4\  (341).jpg 212,412,287,277,1 215,272,260,183,1 210,182,237,116,1 206,115,220,66,1 
C:\Bilder\ShaggyCam4\  (342).jpg 212,412,287,277,1 215,272,260,183,1 210,182,237,116,1 206,115,220,66,1 
C:\Bilder\ShaggyCam4\  (343).jpg 220,412,290,279,1 211,280,260,180,1 204,178,235,117,1 206,115,220,65,1 
C:\Bilder\ShaggyCam4\  (344).jpg 220,412,290,279,1 211,280,260,180,1 204,178,235,117,1 206,115,220,65,1 
C:\Bilder\ShaggyCam4\  (345).jpg 220,412,290,279,1 211,280,260,180,1 204,178,235,117,1 206,115,220,65,1 
C:\Bilder\ShaggyCam4\  (346).jpg 220,412,290,279,1 211,280,260,180,1 204,178,235,117,1 206,115,220,65,1 
C:\Bilder\ShaggyCam4\  (347).jpg 220,412,290,279,1 211,280,260,180,1 204,178,235,117,1 206,115,220,65,1 
C:\Bilder\ShaggyCam4\  (348).jpg 220,412,290,279,1 211,280,260,180,1 204,178,235,117,1 206,115,220,65,1 
C:\Bilder\ShaggyCam4\  (349).jpg 222,414,294,276,1 213,276,261,189,1 203,187,238,114,1 205,111,219,66,1 
C:\Bilder\ShaggyCam4\  (350).jpg 222,414,294,276,1 213,276,261,189,1 203,187,238,114,1 205,111,219,66,1 
C:\Bilder\ShaggyCam4\  (351).jpg 222,414,294,276,1 213,276,261,189,1 203,187,238,114,1 205,111,219,66,1 
C:\Bilder\ShaggyCam4\  (352).jpg 222,414,294,276,1 213,276,261,189,1 203,187,238,114,1 205,111,219,66,1 
C:\Bilder\ShaggyCam4\  (353).jpg 222,414,294,276,1 213,276,261,189,1 203,187,238,114,1 205,111,219,66,1 
C:\Bilder\ShaggyCam4\  (354).jpg 222,414,294,276,1 213,276,261,189,1 203,187,238,114,1 205,111,219,66,1 
C:\Bilder\ShaggyCam4\  (355).jpg 217,413,288,248,1 203,247,247,167,1 199,165,229,113,1 199,110,217,67,1 
C:\Bilder\ShaggyCam4\  (356).jpg 217,413,288,248,1 203,247,247,167,1 199,165,229,113,1 199,110,217,67,1 
C:\Bilder\ShaggyCam4\  (357).jpg 217,413,288,248,1 203,247,247,167,1 199,165,229,113,1 199,110,217,67,1 
C:\Bilder\ShaggyCam4\  (358).jpg 217,413,288,248,1 203,247,247,167,1 199,165,229,113,1 199,110,217,67,1 
C:\Bilder\ShaggyCam4\  (359).jpg 217,413,288,248,1 203,247,247,167,1 199,165,229,113,1 199,110,217,67,1 
C:\Bilder\ShaggyCam4\  (360).jpg 217,413,288,248,1 203,247,247,167,1 199,165,229,113,1 199,110,217,67,1 
C:\Bilder\ShaggyCam4\  (361).jpg 202,414,282,285,1 199,281,251,186,1 193,182,226,111,1 189,108,211,65,1 
C:\Bilder\ShaggyCam4\  (362).jpg 202,414,282,285,1 199,281,251,186,1 193,182,226,111,1 189,108,211,65,1 
C:\Bilder\ShaggyCam4\  (363).jpg 202,414,282,285,1 199,281,251,186,1 193,182,226,111,1 189,108,211,65,1 
C:\Bilder\ShaggyCam4\  (364).jpg 202,414,282,285,1 199,281,251,186,1 193,182,226,111,1 189,108,211,65,1 
C:\Bilder\ShaggyCam4\  (365).jpg 202,414,282,285,1 199,281,251,186,1 193,182,226,111,1 189,108,211,65,1 
C:\Bilder\ShaggyCam4\  (366).jpg 202,414,282,285,1 199,281,251,186,1 193,182,226,111,1 189,108,211,65,1 
C:\Bilder\ShaggyCam4\  (367).jpg 195,412,279,272,1 198,268,239,174,1 190,174,219,109,1 187,106,208,69,1 
C:\Bilder\ShaggyCam4\  (368).jpg 195,412,279,272,1 198,268,239,174,1 190,174,219,109,1 187,106,208,69,1 
C:\Bilder\ShaggyCam4\  (369).jpg 195,412,279,272,1 198,268,239,174,1 190,174,219,109,1 187,106,208,69,1 
C:\Bilder\ShaggyCam4\  (370).jpg 195,412,279,272,1 198,268,239,174,1 190,174,219,109,1 187,106,208,69,1 
C:\Bilder\ShaggyCam4\  (371).jpg 195,412,279,272,1 198,268,239,174,1 190,174,219,109,1 187,106,208,69,1 
C:\Bilder\ShaggyCam4\  (372).jpg 195,412,279,272,1 198,268,239,174,1 190,174,219,109,1 187,106,208,69,1 
C:\Bilder\ShaggyCam4\  (373).jpg 200,413,267,287,1 196,282,243,205,1 187,204,223,132,1 184,128,207,69,1 
C:\Bilder\ShaggyCam4\  (374).jpg 200,413,267,287,1 196,282,243,205,1 187,204,223,132,1 184,128,207,69,1 
C:\Bilder\ShaggyCam4\  (375).jpg 200,413,267,287,1 196,282,243,205,1 187,204,223,132,1 184,128,207,69,1 
C:\Bilder\ShaggyCam4\  (376).jpg 200,413,267,287,1 196,282,243,205,1 187,204,223,132,1 184,128,207,69,1 
C:\Bilder\ShaggyCam4\  (377).jpg 200,413,267,287,1 196,282,243,205,1 187,204,223,132,1 184,128,207,69,1 
C:\Bilder\ShaggyCam4\  (378).jpg 200,413,267,287,1 196,282,243,205,1 187,204,223,132,1 184,128,207,69,1 
C:\Bilder\ShaggyCam4\  (379).jpg 193,412,264,272,1 186,267,232,184,1 183,175,220,113,1 186,109,201,67,1 
C:\Bilder\ShaggyCam4\  (380).jpg 193,412,264,272,1 186,267,232,184,1 183,175,220,113,1 186,109,201,67,1 
C:\Bilder\ShaggyCam4\  (381).jpg 193,412,264,272,1 186,267,232,184,1 183,175,220,113,1 186,109,201,67,1 
C:\Bilder\ShaggyCam4\  (382).jpg 193,412,264,272,1 186,267,232,184,1 183,175,220,113,1 186,109,201,67,1 
C:\Bilder\ShaggyCam4\  (383).jpg 193,412,264,272,1 186,267,232,184,1 183,175,220,113,1 186,109,201,67,1 
C:\Bilder\ShaggyCam4\  (384).jpg 193,412,264,272,1 186,267,232,184,1 183,175,220,113,1 186,109,201,67,1 
C:\Bilder\ShaggyCam4\  (385).jpg 193,413,279,264,1 185,263,242,186,1 184,178,219,123,1 185,120,201,72,1 
C:\Bilder\ShaggyCam4\  (386).jpg 193,413,279,264,1 185,263,242,186,1 184,178,219,123,1 185,120,201,72,1 
C:\Bilder\ShaggyCam4\  (387).jpg 193,413,279,264,1 185,263,242,186,1 184,178,219,123,1 185,120,201,72,1 
C:\Bilder\ShaggyCam4\  (388).jpg 193,413,279,264,1 185,263,242,186,1 184,178,219,123,1 185,120,201,72,1 
C:\Bilder\ShaggyCam4\  (389).jpg 193,413,279,264,1 185,263,242,186,1 184,178,219,123,1 185,120,201,72,1 
C:\Bilder\ShaggyCam4\  (390).jpg 193,413,279,264,1 185,263,242,186,1 184,178,219,123,1 185,120,201,72,1 
C:\Bilder\ShaggyCam4\  (391).jpg 205,413,277,281,1 191,279,240,196,1 186,193,222,134,1 180,131,202,72,1 
C:\Bilder\ShaggyCam4\  (392).jpg 205,413,277,281,1 191,279,240,196,1 186,193,222,134,1 180,131,202,72,1 
C:\Bilder\ShaggyCam4\  (393).jpg 205,413,277,281,1 191,279,240,196,1 186,193,222,134,1 180,131,202,72,1 
C:\Bilder\ShaggyCam4\  (394).jpg 205,413,277,281,1 191,279,240,196,1 186,193,222,134,1 180,131,202,72,1 
C:\Bilder\ShaggyCam4\  (395).jpg 205,413,277,281,1 191,279,240,196,1 186,193,222,134,1 180,131,202,72,1 
C:\Bilder\ShaggyCam4\  (396).jpg 205,413,277,281,1 191,279,240,196,1 186,193,222,134,1 180,131,202,72,1 
C:\Bilder\ShaggyCam4\  (397).jpg 204,413,282,294,1 195,290,247,196,1 186,191,220,120,1 183,116,197,69,1 
C:\Bilder\ShaggyCam4\  (398).jpg 204,413,282,294,1 195,290,247,196,1 186,191,220,120,1 183,116,197,69,1 
C:\Bilder\ShaggyCam4\  (399).jpg 204,413,282,294,1 195,290,247,196,1 186,191,220,120,1 183,116,197,69,1 
C:\Bilder\ShaggyCam4\  (400).jpg 204,413,282,294,1 195,290,247,196,1 186,191,220,120,1 183,116,197,69,1 
C:\Bilder\ShaggyCam4\  (401).jpg 204,413,282,294,1 195,290,247,196,1 186,191,220,120,1 183,116,197,69,1 
C:\Bilder\ShaggyCam4\  (402).jpg 204,413,282,294,1 195,290,247,196,1 186,191,220,120,1 183,116,197,69,1 
C:\Bilder\ShaggyCam4\  (403).jpg 205,415,285,278,1 194,275,242,175,1 184,173,215,106,1 182,104,196,70,1 
C:\Bilder\ShaggyCam4\  (404).jpg 205,415,285,278,1 194,275,242,175,1 184,173,215,106,1 182,104,196,70,1 
C:\Bilder\ShaggyCam4\  (405).jpg 205,415,285,278,1 194,275,242,175,1 184,173,215,106,1 182,104,196,70,1 
C:\Bilder\ShaggyCam4\  (406).jpg 205,415,285,278,1 194,275,242,175,1 184,173,215,106,1 182,104,196,70,1 
C:\Bilder\ShaggyCam4\  (407).jpg 205,415,285,278,1 194,275,242,175,1 184,173,215,106,1 182,104,196,70,1 
C:\Bilder\ShaggyCam4\  (408).jpg 205,415,285,278,1 194,275,242,175,1 184,173,215,106,1 182,104,196,70,1 
C:\Bilder\ShaggyCam4\  (409).jpg 201,412,290,291,1 196,288,251,199,1 185,197,222,126,1 174,125,200,70,1 
C:\Bilder\ShaggyCam4\  (410).jpg 201,412,290,291,1 196,288,251,199,1 185,197,222,126,1 174,125,200,70,1 
C:\Bilder\ShaggyCam4\  (411).jpg 201,412,290,291,1 196,288,251,199,1 185,197,222,126,1 174,125,200,70,1 
C:\Bilder\ShaggyCam4\  (412).jpg 201,412,290,291,1 196,288,251,199,1 185,197,222,126,1 174,125,200,70,1 
C:\Bilder\ShaggyCam4\  (413).jpg 201,412,290,291,1 196,288,251,199,1 185,197,222,126,1 174,125,200,70,1 
C:\Bilder\ShaggyCam4\  (414).jpg 201,412,290,291,1 196,288,251,199,1 185,197,222,126,1 174,125,200,70,1 
C:\Bilder\ShaggyCam4\  (415).jpg 207,412,287,295,1 192,294,250,200,1 181,197,220,145,1 175,143,200,107,1 168,106,189,76,1 
C:\Bilder\ShaggyCam4\  (416).jpg 207,412,287,295,1 192,294,250,200,1 181,197,220,145,1 175,143,200,107,1 168,106,189,76,1 
C:\Bilder\ShaggyCam4\  (417).jpg 207,412,287,295,1 192,294,250,200,1 181,197,220,145,1 175,143,200,107,1 168,106,189,76,1 
C:\Bilder\ShaggyCam4\  (418).jpg 207,412,287,295,1 192,294,250,200,1 181,197,220,145,1 175,143,200,107,1 168,106,189,76,1 
C:\Bilder\ShaggyCam4\  (419).jpg 207,412,287,295,1 192,294,250,200,1 181,197,220,145,1 175,143,200,107,1 168,106,189,76,1 
C:\Bilder\ShaggyCam4\  (420).jpg 207,412,287,295,1 192,294,250,200,1 181,197,220,145,1 175,143,200,107,1 168,106,189,76,1 
C:\Bilder\ShaggyCam4\  (421).jpg 195,415,281,306,1 188,303,244,231,1 173,229,219,173,1 172,170,200,123,1 168,119,183,89,1 
C:\Bilder\ShaggyCam4\  (422).jpg 195,415,281,306,1 188,303,244,231,1 173,229,219,173,1 172,170,200,123,1 168,119,183,89,1 
C:\Bilder\ShaggyCam4\  (423).jpg 195,415,281,306,1 188,303,244,231,1 173,229,219,173,1 172,170,200,123,1 168,119,183,89,1 
C:\Bilder\ShaggyCam4\  (424).jpg 195,415,281,306,1 188,303,244,231,1 173,229,219,173,1 172,170,200,123,1 168,119,183,89,1 
C:\Bilder\ShaggyCam4\  (425).jpg 195,415,281,306,1 188,303,244,231,1 173,229,219,173,1 172,170,200,123,1 168,119,183,89,1 
C:\Bilder\ShaggyCam4\  (426).jpg 195,415,281,306,1 188,303,244,231,1 173,229,219,173,1 172,170,200,123,1 168,119,183,89,1 
C:\Bilder\ShaggyCam4\  (427).jpg 188,411,269,318,1 178,313,236,231,1 167,227,206,167,1 157,167,185,118,1 151,116,169,75,1 
C:\Bilder\ShaggyCam4\  (428).jpg 188,411,269,318,1 178,313,236,231,1 167,227,206,167,1 157,167,185,118,1 151,116,169,75,1 
C:\Bilder\ShaggyCam4\  (429).jpg 188,411,269,318,1 178,313,236,231,1 167,227,206,167,1 157,167,185,118,1 151,116,169,75,1 
C:\Bilder\ShaggyCam4\  (430).jpg 188,411,269,318,1 178,313,236,231,1 167,227,206,167,1 157,167,185,118,1 151,116,169,75,1 
C:\Bilder\ShaggyCam4\  (431).jpg 188,411,269,318,1 178,313,236,231,1 167,227,206,167,1 157,167,185,118,1 151,116,169,75,1 
C:\Bilder\ShaggyCam4\  (432).jpg 188,411,269,318,1 178,313,236,231,1 167,227,206,167,1 157,167,185,118,1 151,116,169,75,1 
C:\Bilder\ShaggyCam4\  (433).jpg 184,413,259,314,1 168,312,226,230,1 151,225,202,164,1 150,157,179,115,1 142,113,161,77,1 
C:\Bilder\ShaggyCam4\  (434).jpg 184,413,259,314,1 168,312,226,230,1 151,225,202,164,1 150,157,179,115,1 142,113,161,77,1 
C:\Bilder\ShaggyCam4\  (435).jpg 184,413,259,314,1 168,312,226,230,1 151,225,202,164,1 150,157,179,115,1 142,113,161,77,1 
C:\Bilder\ShaggyCam4\  (436).jpg 184,413,259,314,1 168,312,226,230,1 151,225,202,164,1 150,157,179,115,1 142,113,161,77,1 
C:\Bilder\ShaggyCam4\  (437).jpg 184,413,259,314,1 168,312,226,230,1 151,225,202,164,1 150,157,179,115,1 142,113,161,77,1 
C:\Bilder\ShaggyCam4\  (438).jpg 184,413,259,314,1 168,312,226,230,1 151,225,202,164,1 150,157,179,115,1 142,113,161,77,1 
